
*******************************************  Drifts coefficients *******************************************

bmi = 0.1219613462669018
sex = 0.11759259259259269
region = 0.06748236331569668
charges = 0.04546590241034698
children = 0.015433935920047048
age = 0.015421075837742437
